n=0 : 1.000000000000000
n=1 : 0.166666666666667
n=2 : 0.008333333333333
n=3 : 0.000198412698413
